#LST runs - MAGIC runs (separed by commas)
# Night 0
1919-5088933,5088934,5088935,5088936
1921-5088933,5088934,5088935,5088936
# Night 1
2114-5089907,5089908,5089909
2115-5089907,5089908,5089909
2116-5089907,5089908,5089909
2117-5089907,5089908,5089909
# Night 2
3216-5093614,5093615,5093616,5093617,5093618,5093619,5093620,5093621,5093622,5093623,5093624
3217-5093614,5093615,5093616,5093617,5093618,5093619,5093620,5093621,5093622,5093623,5093624
3218-5093614,5093615,5093616,5093617,5093618,5093619,5093620,5093621,5093622,5093623,5093624
3219-5093614,5093615,5093616,5093617,5093618,5093619,5093620,5093621,5093622,5093623,5093624
3220-5093614,5093615,5093616,5093617,5093618,5093619,5093620,5093621,5093622,5093623,5093624
3221-5093614,5093615,5093616,5093617,5093618,5093619,5093620,5093621,5093622,5093623,5093624
3222-5093614,5093615,5093616,5093617,5093618,5093619,5093620,5093621,5093622,5093623,5093624
3223-5093614,5093615,5093616,5093617,5093618,5093619,5093620,5093621,5093622,5093623,5093624
3224-5093614,5093615,5093616,5093617,5093618,5093619,5093620,5093621,5093622,5093623,5093624
3225-5093614,5093615,5093616,5093617,5093618,5093619,5093620,5093621,5093622,5093623,5093624
3226-5093614,5093615,5093616,5093617,5093618,5093619,5093620,5093621,5093622,5093623,5093624
3227-5093614,5093615,5093616,5093617,5093618,5093619,5093620,5093621,5093622,5093623,5093624
# Night 3
3247-5093691,5093692,5093693
3248-5093691,5093692,5093693
# Night 4
3617-5094461,5094462
3618-5094461,5094462
3619-5094461,5094462
# Night 5
3663-5094547,5094548
3664-5094547,5094548
# Night 6
4016-5095198,5095199,5095200,5095201
4017-5095198,5095199,5095200,5095201
4018-5095198,5095199,5095200,5095201
4019-5095198,5095199,5095200,5095201
# Night 7
4441-5096268,5096269,5096270
4442-5096268,5096269,5096270
4443-5096268,5096269,5096270
# Night 8
4479-5096350,5096351
# Night 9
4649-5096812
# Night 10
4697-5096935
# Night 11
4939-5097528
# Night 12
4962-5097583
# Night 13
6900-1501593,1501594,1501595,1501596,1501597
6901-1501593,1501594,1501595,1501596,1501597
6902-1501593,1501594,1501595,1501596,1501597
6903-1501593,1501594,1501595,1501596,1501597
# Night 14
6937-1501621,1501622,1501623,1501624,1501625,1501626,1501627,1501628,1501629,1501630,1501631,1501632,1501633,1501634,1501635,1501636
6938-1501621,1501622,1501623,1501624,1501625,1501626,1501627,1501628,1501629,1501630,1501631,1501632,1501633,1501634,1501635,1501636
6939-1501621,1501622,1501623,1501624,1501625,1501626,1501627,1501628,1501629,1501630,1501631,1501632,1501633,1501634,1501635,1501636
6940-1501621,1501622,1501623,1501624,1501625,1501626,1501627,1501628,1501629,1501630,1501631,1501632,1501633,1501634,1501635,1501636
6941-1501621,1501622,1501623,1501624,1501625,1501626,1501627,1501628,1501629,1501630,1501631,1501632,1501633,1501634,1501635,1501636
6947-1501621,1501622,1501623,1501624,1501625,1501626,1501627,1501628,1501629,1501630,1501631,1501632,1501633,1501634,1501635,1501636
6948-1501621,1501622,1501623,1501624,1501625,1501626,1501627,1501628,1501629,1501630,1501631,1501632,1501633,1501634,1501635,1501636
6949-1501621,1501622,1501623,1501624,1501625,1501626,1501627,1501628,1501629,1501630,1501631,1501632,1501633,1501634,1501635,1501636
# Night 15
6998-1501686
6999-1501686
# Night 16
7043-5100907
# Night 17
7182-5101109,5101110,5101111
7183-5101109,5101110,5101111
7184-5101109,5101110,5101111
# Night 18
7289-5101277,5101278
7290-5101277,5101278
# Night 19
7321-5101362,5101363,5101364
7322-5101362,5101363,5101364
7323-5101362,5101363,5101364
# Night 20
7369-5101472,5101473
7370-5101472,5101473
# Night 21
7690-5101921,5101922,5101923
7692-5101921,5101922,5101923
# Night 22
7962-5102318,5102319,5102320,5102321,5102322
7963-5102318,5102319,5102320,5102321,5102322
7964-5102318,5102319,5102320,5102321,5102322
7965-5102318,5102319,5102320,5102321,5102322
# Night 23
8116-5102530,5102531,5102532,5102533,5102534,5102535,5102536,5102537,5102538,5102539,5102540,5102541,5102542,5102543,5102544
8117-5102530,5102531,5102532,5102533,5102534,5102535,5102536,5102537,5102538,5102539,5102540,5102541,5102542,5102543,5102544
8118-5102530,5102531,5102532,5102533,5102534,5102535,5102536,5102537,5102538,5102539,5102540,5102541,5102542,5102543,5102544
8119-5102530,5102531,5102532,5102533,5102534,5102535,5102536,5102537,5102538,5102539,5102540,5102541,5102542,5102543,5102544
8120-5102530,5102531,5102532,5102533,5102534,5102535,5102536,5102537,5102538,5102539,5102540,5102541,5102542,5102543,5102544
8121-5102530,5102531,5102532,5102533,5102534,5102535,5102536,5102537,5102538,5102539,5102540,5102541,5102542,5102543,5102544
8123-5102530,5102531,5102532,5102533,5102534,5102535,5102536,5102537,5102538,5102539,5102540,5102541,5102542,5102543,5102544
8124-5102530,5102531,5102532,5102533,5102534,5102535,5102536,5102537,5102538,5102539,5102540,5102541,5102542,5102543,5102544
8125-5102530,5102531,5102532,5102533,5102534,5102535,5102536,5102537,5102538,5102539,5102540,5102541,5102542,5102543,5102544
8126-5102530,5102531,5102532,5102533,5102534,5102535,5102536,5102537,5102538,5102539,5102540,5102541,5102542,5102543,5102544
8127-5102530,5102531,5102532,5102533,5102534,5102535,5102536,5102537,5102538,5102539,5102540,5102541,5102542,5102543,5102544
8128-5102530,5102531,5102532,5102533,5102534,5102535,5102536,5102537,5102538,5102539,5102540,5102541,5102542,5102543,5102544
8129-5102530,5102531,5102532,5102533,5102534,5102535,5102536,5102537,5102538,5102539,5102540,5102541,5102542,5102543,5102544
# Night 24
8180-5102568,5102569,5102570,5102571,5102572,5102573,5102574,5102575,5102576,5102577,5102578,5102579
8181-5102568,5102569,5102570,5102571,5102572,5102573,5102574,5102575,5102576,5102577,5102578,5102579
8182-5102568,5102569,5102570,5102571,5102572,5102573,5102574,5102575,5102576,5102577,5102578,5102579
8183-5102568,5102569,5102570,5102571,5102572,5102573,5102574,5102575,5102576,5102577,5102578,5102579
8184-5102568,5102569,5102570,5102571,5102572,5102573,5102574,5102575,5102576,5102577,5102578,5102579
8185-5102568,5102569,5102570,5102571,5102572,5102573,5102574,5102575,5102576,5102577,5102578,5102579
8188-5102568,5102569,5102570,5102571,5102572,5102573,5102574,5102575,5102576,5102577,5102578,5102579
8189-5102568,5102569,5102570,5102571,5102572,5102573,5102574,5102575,5102576,5102577,5102578,5102579
# Night 25
8215-5102612,5102613,5102614
8216-5102612,5102613,5102614
8217-5102612,5102613,5102614
# Night 26
8359-5102775,5102776
8360-5102775,5102776
# Night 27
8387-5102823
# Night 28
8422-5102888,5102889
8423-5102888,5102889
# Night 29
8455-5102921,5102922
8456-5102921,5102922
8457-5102921,5102922
# Night 30
8526-1501779,1501780
8527-1501779,1501780
# Night 31
8593-5103123