#LST runs - MAGIC runs (separed by commas)
# Night 0
1622-5086812,5086813
# Night 1
1631-5086858,5086859
1632-5086858,5086859
1633-5086858,5086859
# Night 2
1651-5086952,5086953
1652-5086952,5086953
1653-5086952,5086953
# Night 3
1787-5088351,5088352,5088353
1788-5088351,5088352,5088353
# Night 4
1799-5088408,5088409,5088410,5088411,5088412,5088413,5088414,5088415,5088416,5088417,5088418,5088419,5088420,5088421
1800-5088408,5088409,5088410,5088411,5088412,5088413,5088414,5088415,5088416,5088417,5088418,5088419,5088420,5088421
1801-5088408,5088409,5088410,5088411,5088412,5088413,5088414,5088415,5088416,5088417,5088418,5088419,5088420,5088421
# Night 5
1809-5088492,5088493,5088494,5088495,5088496,5088497,5088498,5088499,5088500,5088501,5088502,5088503,5088504,5088505,5088506
1813-5088492,5088493,5088494,5088495,5088496,5088497,5088498,5088499,5088500,5088501,5088502,5088503,5088504,5088505,5088506
1814-5088492,5088493,5088494,5088495,5088496,5088497,5088498,5088499,5088500,5088501,5088502,5088503,5088504,5088505,5088506
1817-5088492,5088493,5088494,5088495,5088496,5088497,5088498,5088499,5088500,5088501,5088502,5088503,5088504,5088505,5088506
1818-5088492,5088493,5088494,5088495,5088496,5088497,5088498,5088499,5088500,5088501,5088502,5088503,5088504,5088505,5088506
1819-5088492,5088493,5088494,5088495,5088496,5088497,5088498,5088499,5088500,5088501,5088502,5088503,5088504,5088505,5088506
1820-5088492,5088493,5088494,5088495,5088496,5088497,5088498,5088499,5088500,5088501,5088502,5088503,5088504,5088505,5088506
1821-5088492,5088493,5088494,5088495,5088496,5088497,5088498,5088499,5088500,5088501,5088502,5088503,5088504,5088505,5088506
# Night 6
1832-5088536,5088537,5088538,5088539,5088540,5088541
1833-5088536,5088537,5088538,5088539,5088540,5088541
1834-5088536,5088537,5088538,5088539,5088540,5088541
1835-5088536,5088537,5088538,5088539,5088540,5088541
1836-5088536,5088537,5088538,5088539,5088540,5088541
1837-5088536,5088537,5088538,5088539,5088540,5088541
# Night 7
1932-5088974,5088975
1933-5088974,5088975
# Night 8
1949-5089020
# Night 9
1987-5089194,5089195,5089196,5089197,5089198,5089199
1988-5089194,5089195,5089196,5089197,5089198,5089199
1990-5089194,5089195,5089196,5089197,5089198,5089199
1991-5089194,5089195,5089196,5089197,5089198,5089199
1992-5089194,5089195,5089196,5089197,5089198,5089199
# Night 10
1996-5089274,5089275,5089276,5089277,5089278,5089279,5089280,5089281,5089282,5089283
1997-5089274,5089275,5089276,5089277,5089278,5089279,5089280,5089281,5089282,5089283
1998-5089274,5089275,5089276,5089277,5089278,5089279,5089280,5089281,5089282,5089283
1999-5089274,5089275,5089276,5089277,5089278,5089279,5089280,5089281,5089282,5089283
2004-5089274,5089275,5089276,5089277,5089278,5089279,5089280,5089281,5089282,5089283
# Night 11
2007-5089318,5089319,5089320,5089321,5089322,5089323,5089324,5089325,5089326,5089327,5089328,5089329,5089330,5089331
2008-5089318,5089319,5089320,5089321,5089322,5089323,5089324,5089325,5089326,5089327,5089328,5089329,5089330,5089331
2009-5089318,5089319,5089320,5089321,5089322,5089323,5089324,5089325,5089326,5089327,5089328,5089329,5089330,5089331
2010-5089318,5089319,5089320,5089321,5089322,5089323,5089324,5089325,5089326,5089327,5089328,5089329,5089330,5089331
2011-5089318,5089319,5089320,5089321,5089322,5089323,5089324,5089325,5089326,5089327,5089328,5089329,5089330,5089331
2012-5089318,5089319,5089320,5089321,5089322,5089323,5089324,5089325,5089326,5089327,5089328,5089329,5089330,5089331
2013-5089318,5089319,5089320,5089321,5089322,5089323,5089324,5089325,5089326,5089327,5089328,5089329,5089330,5089331
2014-5089318,5089319,5089320,5089321,5089322,5089323,5089324,5089325,5089326,5089327,5089328,5089329,5089330,5089331
# Night 12
2033-5089557,5089558
# Night 13
2036-5089602,5089603,5089604,5089605,5089606,5089607
2037-5089602,5089603,5089604,5089605,5089606,5089607
# Night 14
2691-5091618,5091619,5091620,5091621
2692-5091618,5091619,5091620,5091621
2693-5091618,5091619,5091620,5091621
# Night 15
2751-5091753
# Night 16
2758-5091798,5091799,5091800,5091801,5091802,5091803,5091804
2759-5091798,5091799,5091800,5091801,5091802,5091803,5091804
2760-5091798,5091799,5091800,5091801,5091802,5091803,5091804
2761-5091798,5091799,5091800,5091801,5091802,5091803,5091804
# Night 17
2918-5093151,5093152
2919-5093151,5093152
# Night 18
2923-5093174,5093175
2924-5093174,5093175
# Night 19
2960-5093231,5093232
2961-5093231,5093232
# Night 20
2976-5093269,5093270,5093271
2977-5093269,5093270,5093271
# Night 21
3093-5093491,5093492,5093493,5093494,5093495,5093496,5093497
3094-5093491,5093492,5093493,5093494,5093495,5093496,5093497
3095-5093491,5093492,5093493,5093494,5093495,5093496,5093497
3096-5093491,5093492,5093493,5093494,5093495,5093496,5093497
# Night 22
3265-5093711,5093712,5093713,5093714
3266-5093711,5093712,5093713,5093714
3267-5093711,5093712,5093713,5093714
3268-5093711,5093712,5093713,5093714
# Night 23
3382-5094024,5094025,5094026,5094027,5094028
3383-5094024,5094025,5094026,5094027,5094028
3385-5094024,5094025,5094026,5094027,5094028
# Night 24
3631-5094483,5094484,5094485,5094486,5094487,5094488
3632-5094483,5094484,5094485,5094486,5094487,5094488
3633-5094483,5094484,5094485,5094486,5094487,5094488
3634-5094483,5094484,5094485,5094486,5094487,5094488
3635-5094483,5094484,5094485,5094486,5094487,5094488
3636-5094483,5094484,5094485,5094486,5094487,5094488
# Night 25
3953-5095076,5095077,5095078,5095079
3954-5095076,5095077,5095078,5095079
3955-5095076,5095077,5095078,5095079
3956-5095076,5095077,5095078,5095079
# Night 26
4007-5095172,5095173,5095174,5095175,5095176,5095177,5095178,5095179,5095180,5095181,5095182
4008-5095172,5095173,5095174,5095175,5095176,5095177,5095178,5095179,5095180,5095181,5095182
4009-5095172,5095173,5095174,5095175,5095176,5095177,5095178,5095179,5095180,5095181,5095182
4010-5095172,5095173,5095174,5095175,5095176,5095177,5095178,5095179,5095180,5095181,5095182
4011-5095172,5095173,5095174,5095175,5095176,5095177,5095178,5095179,5095180,5095181,5095182
4012-5095172,5095173,5095174,5095175,5095176,5095177,5095178,5095179,5095180,5095181,5095182
4013-5095172,5095173,5095174,5095175,5095176,5095177,5095178,5095179,5095180,5095181,5095182
4014-5095172,5095173,5095174,5095175,5095176,5095177,5095178,5095179,5095180,5095181,5095182
# Night 27
4066-5095265,5095266,5095267,5095268,5095269,5095270,5095271,5095272,5095273,5095274,5095275,5095276,5095277,5095278,5095279,5095280,5095281
4067-5095265,5095266,5095267,5095268,5095269,5095270,5095271,5095272,5095273,5095274,5095275,5095276,5095277,5095278,5095279,5095280,5095281
4068-5095265,5095266,5095267,5095268,5095269,5095270,5095271,5095272,5095273,5095274,5095275,5095276,5095277,5095278,5095279,5095280,5095281
4069-5095265,5095266,5095267,5095268,5095269,5095270,5095271,5095272,5095273,5095274,5095275,5095276,5095277,5095278,5095279,5095280,5095281
4070-5095265,5095266,5095267,5095268,5095269,5095270,5095271,5095272,5095273,5095274,5095275,5095276,5095277,5095278,5095279,5095280,5095281
4071-5095265,5095266,5095267,5095268,5095269,5095270,5095271,5095272,5095273,5095274,5095275,5095276,5095277,5095278,5095279,5095280,5095281
4073-5095265,5095266,5095267,5095268,5095269,5095270,5095271,5095272,5095273,5095274,5095275,5095276,5095277,5095278,5095279,5095280,5095281
4074-5095265,5095266,5095267,5095268,5095269,5095270,5095271,5095272,5095273,5095274,5095275,5095276,5095277,5095278,5095279,5095280,5095281
4075-5095265,5095266,5095267,5095268,5095269,5095270,5095271,5095272,5095273,5095274,5095275,5095276,5095277,5095278,5095279,5095280,5095281
# Night 28
4125-5095376,5095377,5095378,5095379,5095380,5095381,5095382,5095383
4126-5095376,5095377,5095378,5095379,5095380,5095381,5095382,5095383
4127-5095376,5095377,5095378,5095379,5095380,5095381,5095382,5095383
4128-5095376,5095377,5095378,5095379,5095380,5095381,5095382,5095383
4129-5095376,5095377,5095378,5095379,5095380,5095381,5095382,5095383
# Night 29
5738-5099235,5099236
# Night 30
5759-5099260,5099261
# Night 31
6890-1501579,1501580,1501581,1501582,1501583,1501584,1501585,1501586,1501587
6891-1501579,1501580,1501581,1501582,1501583,1501584,1501585,1501586,1501587
6892-1501579,1501580,1501581,1501582,1501583,1501584,1501585,1501586,1501587
6893-1501579,1501580,1501581,1501582,1501583,1501584,1501585,1501586,1501587
6894-1501579,1501580,1501581,1501582,1501583,1501584,1501585,1501586,1501587
6895-1501579,1501580,1501581,1501582,1501583,1501584,1501585,1501586,1501587
6896-1501579,1501580,1501581,1501582,1501583,1501584,1501585,1501586,1501587
# Night 32
6935-1501614,1501615,1501616,1501617,1501618
6936-1501614,1501615,1501616,1501617,1501618
# Night 33
6968-1501658
6969-1501658
# Night 34
7171-5101091,5101092
7172-5101091,5101092
# Night 35
7197-5101129,5101130,5101131
7198-5101129,5101130,5101131
7200-5101129,5101130,5101131
7201-5101129,5101130,5101131
# Night 36
7227-5101172,5101173,5101174,5101175,5101176,5101177,5101178,5101179,5101180,5101181,5101182
7228-5101172,5101173,5101174,5101175,5101176,5101177,5101178,5101179,5101180,5101181,5101182
7229-5101172,5101173,5101174,5101175,5101176,5101177,5101178,5101179,5101180,5101181,5101182
7230-5101172,5101173,5101174,5101175,5101176,5101177,5101178,5101179,5101180,5101181,5101182
7231-5101172,5101173,5101174,5101175,5101176,5101177,5101178,5101179,5101180,5101181,5101182
7232-5101172,5101173,5101174,5101175,5101176,5101177,5101178,5101179,5101180,5101181,5101182
7233-5101172,5101173,5101174,5101175,5101176,5101177,5101178,5101179,5101180,5101181,5101182
7234-5101172,5101173,5101174,5101175,5101176,5101177,5101178,5101179,5101180,5101181,5101182
7235-5101172,5101173,5101174,5101175,5101176,5101177,5101178,5101179,5101180,5101181,5101182
7236-5101172,5101173,5101174,5101175,5101176,5101177,5101178,5101179,5101180,5101181,5101182
7237-5101172,5101173,5101174,5101175,5101176,5101177,5101178,5101179,5101180,5101181,5101182
7238-5101172,5101173,5101174,5101175,5101176,5101177,5101178,5101179,5101180,5101181,5101182
# Night 37
7255-5101209,5101210,5101211,5101212,5101213,5101214,5101215,5101216,5101217
7256-5101209,5101210,5101211,5101212,5101213,5101214,5101215,5101216,5101217
7258-5101209,5101210,5101211,5101212,5101213,5101214,5101215,5101216,5101217
# Night 38
7277-5101249,5101250,5101251,5101252,5101253,5101254
7278-5101249,5101250,5101251,5101252,5101253,5101254
7279-5101249,5101250,5101251,5101252,5101253,5101254
7280-5101249,5101250,5101251,5101252,5101253,5101254
7281-5101249,5101250,5101251,5101252,5101253,5101254
7282-5101249,5101250,5101251,5101252,5101253,5101254
# Night 39
7305-5101308,5101309,5101310,5101311,5101312
7306-5101308,5101309,5101310,5101311,5101312