# MAGIC runs (separed by commas for each night)
# Night 0
5086812,5086813
# Night 1
5086858,5086859
# Night 2
5086952,5086953
# Night 3
5088351,5088352,5088353
# Night 4
5088408,5088409,5088410,5088411,5088412,5088413,5088414,5088415,5088416,5088417,5088418,5088419,5088420,5088421
# Night 5
5088492,5088493,5088494,5088495,5088496,5088497,5088498,5088499,5088500,5088501,5088502,5088503,5088504,5088505,5088506
# Night 6
5088536,5088537,5088538,5088539,5088540,5088541
# Night 7
5088974,5088975
# Night 8
5089020
# Night 9
5089194,5089195,5089196,5089197,5089198,5089199
# Night 10
5089274,5089275,5089276,5089277,5089278,5089279,5089280,5089281,5089282,5089283
# Night 11
5089318,5089319,5089320,5089321,5089322,5089323,5089324,5089325,5089326,5089327,5089328,5089329,5089330,5089331
# Night 12
5089557,5089558
# Night 13
5089602,5089603,5089604,5089605,5089606,5089607
# Night 14
5091618,5091619,5091620,5091621
# Night 15
5091753
# Night 16
5091798,5091799,5091800,5091801,5091802,5091803,5091804
# Night 17
5093151,5093152
# Night 18
5093174,5093175
# Night 19
5093231,5093232
# Night 20
5093269,5093270,5093271
# Night 21
5093491,5093492,5093493,5093494,5093495,5093496,5093497
# Night 22
5093711,5093712,5093713,5093714
# Night 23
5094024,5094025,5094026,5094027,5094028
# Night 24
5094483,5094484,5094485,5094486,5094487,5094488
# Night 25
5095076,5095077,5095078,5095079
# Night 26
5095172,5095173,5095174,5095175,5095176,5095177,5095178,5095179,5095180,5095181,5095182
# Night 27
5095265,5095266,5095267,5095268,5095269,5095270,5095271,5095272,5095273,5095274,5095275,5095276,5095277,5095278,5095279,5095280,5095281
# Night 28
5095376,5095377,5095378,5095379,5095380,5095381,5095382,5095383
# Night 29
5099235,5099236
# Night 30
5099260,5099261
# Night 31
1501579,1501580,1501581,1501582,1501583,1501584,1501585,1501586,1501587
# Night 32
1501614,1501615,1501616,1501617,1501618
# Night 33
1501658
# Night 34
5101091,5101092
# Night 35
5101129,5101130,5101131
# Night 36
5101172,5101173,5101174,5101175,5101176,5101177,5101178,5101179,5101180,5101181,5101182
# Night 37
5101209,5101210,5101211,5101212,5101213,5101214,5101215,5101216,5101217
# Night 38
5101249,5101250,5101251,5101252,5101253,5101254
# Night 39
5101308,5101309,5101310,5101311,5101312